714553681
761808236
766668450
762447606
703481683
776360232
713409677
768446106
778525876
722139894
763716120
761104270
722864512
724007175
711455508
764998618
768829491
711869031
762980487
767548478
784753669
741379643
775747804
762085093
705562830
760873315
717919739
760500073
768245536
701726610
788286102
743124980
712909494
785890653
760869382
703319399
771736327
787419112
767429046
716979470
701553216
762960610
775843019
715565890
776642329
769268902
770230483
705236058
765301821
778858733
779818922
788531235
740330951
767182004
701338312
741122125
771692525
755579308
767480686
779190676
767182004
768695368
715182932
741122125
766819590
762535540
763703620
779436493
773432848
772278905
779064403
772967128
717872172
764868266
779064403
712978956
761734206
779064403
774404644
741743179
741159614
770044015
741689247
740975567
742291802
762383636
787298001
774665540
753450749
704996100
777836495
782530719
720265926
767423205
781169973
762973906
760754183
764207742
740581774
716925406
740154891
770416021
701467436
703590315
705682766
742581190
772166265
756429803
702043436
764961894
762832234
728381934
761675729
715697370
706464367
751205996
713202629
761675729
785998985
701845221
715460207
785998985
704296754
714830781
714830781
754409473
778411962
705607871
718640065
781607840
705606683
768703545
754213515
774181446
765497334
740115455
786780971
777698485
705463078
704408253
702443463
743880640
741743179
767105320
760404419
778383072
759622397
776346422
783029453
707730660
763397481
761808236
770398992
753538625
762980487
787419112
764474198
776798039
775747804
750984986
742416247
772813351
741428890
769239357
768603833
718650795
